72.75
72.75
72.75
72.75
72.75
72.75
73.25
74.29
75.35
75.88
76.43
76.98
77.53
77.53
78.09
78.09
78.66
78.09
78.09
77.53
76.98
76.98
76.43
76.43
75.88
75.88
75.35
75.35
74.81
74.81
74.29
74.29
74.29
74.29
73.77
73.77
73.25
71.74
70.76
69.80
67.47
66.13
65.25
65.25
64.39
63.96
63.54
63.12
62.71
62.30
62.71
63.12
63.96
64.39
64.82
65.68
66.13
66.13
66.57
67.02
67.47
67.47
67.93
67.93
67.93
68.39
68.85
68.85
69.32
69.32
69.80
69.80
69.80
70.28
70.28
70.76
70.76
70.76
70.76
71.25
71.25
71.25
71.25
