0
0
5
8
10
10
10
10
10
11
12
10
11
10
10
11
10
8
10
11
10
8
12
10
9
12
9
10
9
12
8
11
10
11
9
10
10
10
9
11
10
10
10
9
9
9
10
11
9
9
9
7
0
11
8
0
1
0
9
3
10
1
0
0
0
0
0
0
0
0
0
0
0
0
0
0
0
0
0
1
0
2
0
2
0
3
0
2
0
4
0
2
0
3
12
8
13
7
17
16
7
9
14
20
7
17
20
8
16
21
21
19
9
18
21
21
22
23
21
21
23
22
21
22
23
22
22
21
23
22
22
22
23
21
22
21
22
22
23
19
23
20
20
9
16
21
21
19
7
18
17
6
6
5
0
6
9
7
14
5
6
2
1
1
0
2
0
2
0
1
0
0
0
